0.0, -1.5742378106e-15, 66.6075277783
2.71197653156, 1.18170059323e-16, 66.6075277754
7.5312954809, 1.18170059323e-16, 66.6075277754
11.8999184328, 2.83666443251, 68.3735183022
14.0829274386, 7.68481505969, 71.3917773469
14.0829274386, 12.837731823, 74.5997712446
14.0829274386, 15.7301060312, 76.4004443941
new curve   
0.0, -1.5742378106e-15, 70.9802411518
2.71197653156, 1.18170059323e-16, 75.7452306828
7.5312954809, 1.18170059323e-16, 75.7452306828
11.8999184328, 2.83666443251, 76.5735991243
14.0829274386, 7.68481505969, 77.9893658018
14.0829274386, 12.837731823, 79.494130898
14.0825612357, 15.7301060312, 79.9438121148
new curve   
0.0, -1.5742378106e-15, 79.7011880709
2.04077457121, 0.7968778803, 85.347502025
6.09119295062, 0.805438414136, 85.347502025
10.9452867584, 4.12360085754, 85.3251695157
14.0829961053, 9.29722505334, 85.2870009655
14.0829961053, 13.5877011563, 85.2464330506
14.0828088096, 15.7301060312, 87.0270311868
new curve   
0.0, 2.61724598369, 92.75023611
1.65535003389, 4.20217618479, 97.1750790477
5.13516267237, 4.18952613975, 97.1750790477
10.0176125474, 7.60037696152, 97.0411537586
14.0828297399, 11.5861390787, 96.8122616955
14.0828297399, 14.3887600715, 96.5689809396
14.083291479, 15.7301060312, 97.6593561573
new curve   
0.0, 7.45495824342, 105.839270439
1.75877332695, 8.08467064739, 107.577693073
5.23953576107, 8.08178583842, 107.577693073
9.91104237033, 10.9744698, 107.660382447
14.0826780262, 13.3773034508, 107.801707074
14.0826780262, 14.929572437, 107.951915698
14.0823262934, 15.7301060312, 108.282327776
new curve   
0.0, 10.4291583662, 114.556748568
2.30271942904, 10.0922835397, 113.592805452
6.43607818847, 10.1762160536, 113.592805452
11.0026045118, 12.0242841113, 113.651013415
14.0827857893, 13.769735241, 113.750496797
14.0827857893, 15.0405737999, 113.856233938
14.0822410949, 15.7301060312, 115.365946706
new curve   
0.0, 11.7975795234, 118.912396948
2.89700316656, 11.8084818843, 118.912396948
7.76031890738, 11.9883329589, 118.912396948
12.2388320235, 12.738056217, 118.912396948
14.0829274386, 13.9650909311, 118.912396948
14.0829274386, 15.0914908678, 118.912396948
14.0829274386, 15.7301060312, 118.912396948
new curve   
