0.0, 8.20636939179e-17, 55.1251188572
0.0, 8.20636939179e-17, 57.7130920893
0.0, 8.20636939179e-17, 60.3010653213
0.0, 8.20636939179e-17, 62.8890385534
new curve   
2.73558382916, 8.20636939179e-17, 55.1251188572
2.73558382916, 8.20636939179e-17, 57.7130920893
2.73558382916, 8.20636939179e-17, 60.3010653213
2.73558382916, 8.20636939179e-17, 62.8890385534
new curve   
7.59038925246, 8.20636939179e-17, 55.1251188572
7.59038925246, 8.20636939179e-17, 57.7130920893
7.59038925246, 8.20636939179e-17, 60.3010653213
7.59038925246, 8.20636939179e-17, 62.8890385534
new curve   
11.9685720236, 2.47615028015, 54.6262653164
11.9685720236, 2.47615028015, 57.5468075757
11.9685720236, 2.47615028015, 60.4673498349
11.9685720236, 2.47615028015, 63.3878920942
new curve   
14.0260816066, 7.14154846879, 53.6863585488
14.0260816066, 7.14154846879, 57.2335053198
14.0260816066, 7.14154846879, 60.7806520908
14.0260816066, 7.14154846879, 64.3277988618
new curve   
14.0260816066, 12.1793944076, 52.6714172084
14.0260816066, 12.1793944076, 56.8951915397
14.0260816066, 12.1793944076, 61.1189658709
14.0260816066, 12.1793944076, 65.3427402022
new curve   
14.0260816066, 15.0130548339, 52.1005384744
14.0260816066, 15.0130548339, 56.7048986283
14.0260816066, 15.0130548339, 61.3092587823
14.0260816066, 15.0130548339, 65.9136189362
new curve   
