0.0, 0.0, 4.65950109222
1.13774834424e-17, 0.070750097604, 3.90766251081
-3.34163535086e-17, -0.207797294039, 2.31771676972
5.40532426595e-17, 0.33612636866, 0.244885315013
1.43975751581e-16, 0.895303300468, 0.244885315013
new curve   
0.721365537086, -1.16004425888e-16, 4.65950109222
0.674492660584, 0.073717085455, 3.8702940011
0.876331676799, -0.243715620129, 2.13549976357
0.426683321746, 0.46344742784, 0.156805236288
1.82440439217e-16, 1.13449331277, 0.156805236288
new curve   
1.91102465401, 0.561281894861, 4.65950109222
1.82568099385, 0.608939127921, 3.78238708949
2.26076302014, 0.365982527673, 1.7505387842
1.04088297019, 1.04718260429, 0.0376113486363
2.61871181399e-16, 1.62842791532, 0.0376113486363
new curve   
2.8335218696, 2.39117790975, 4.65950109222
2.73635760254, 2.3916905501, 3.70603400608
3.29423542002, 2.38874717711, 1.44425622371
1.4743415911, 2.39834896834, 0.0
3.86934832375e-16, 2.40612762001, 0.0
new curve   
2.44397587712, 4.05709582483, 4.65950109222
2.35088930105, 4.0238346231, 3.7389770404
2.86064413416, 4.20597751686, 1.56514263005
1.29368634931, 3.64608047068, 0.0376113486362
5.11998483351e-16, 3.1838273247, 0.0376113486362
new curve   
1.01928031151, 4.47651650234, 4.65950109222
0.951914393879, 4.42372549451, 3.87329473955
1.23977068818, 4.64930282534, 2.15327503213
0.605532456122, 4.15228479817, 0.156805236288
5.91429225532e-16, 3.67776192725, 0.156805236288
new curve   
7.19878757907e-16, 4.47651650234, 4.65950109222
7.12186550728e-16, 4.4286830415, 3.91778143837
7.41379345076e-16, 4.61021642364, 2.39776502642
6.87503060418e-16, 4.27519045613, 0.244885315013
6.29893913168e-16, 3.91695193955, 0.244885315013
new curve   
