0.0, 0.0, 4.65950109222
0.721365537086, -1.16004425888e-16, 4.65950109222
1.91102465401, 0.561281894861, 4.65950109222
2.8335218696, 2.39117790975, 4.65950109222
2.44397587712, 4.05709582483, 4.65950109222
1.01928031151, 4.47651650234, 4.65950109222
7.19878757907e-16, 4.47651650234, 4.65950109222
new curve   
0.0, 0.0, 15.3043029171
0.467231756106, 0.0, 15.3043029171
1.37441713948, 0.0, 15.3043029171
2.41151616811, 0.630969794879, 15.3043029171
2.88309149044, 2.52387917952, 15.3043029171
3.25802120783, 4.16180734636, 15.3043029171
3.57001310217, 4.95844245336, 15.3043029171
new curve   
0.0, 0.0359482534056, 31.8839644192
0.785995037531, 0.0179741267028, 31.8839644192
2.35728793236, 0.0, 31.8839644192
4.63279717424, 0.420292846209, 31.8839644192
6.74753775606, 1.68117138484, 31.8839644192
8.01697157827, 2.97213445243, 31.8839644192
8.60828664988, 3.70270705842, 31.8839644192
new curve   
0.0, 1.18170059323e-16, 52.3048691724
1.35598826578, 1.18170059323e-16, 52.3048691724
3.9168062689, 1.18170059323e-16, 52.3048691724
7.17375104689, 0.354583054064, 52.0841203565
9.71560695685, 1.41833221626, 51.421873909
10.989680112, 2.53151087665, 50.7288546902
11.5356494418, 3.17191213162, 50.3301672259
new curve   
