0.0, 4.79842790692e-16, 62.8890385451
0.0, 4.79842790692e-16, 67.4861006027
0.0, 4.79842790692e-16, 76.6707709063
0.0, 3.31797930522, 90.4507149665
0.0, 7.3184382749, 104.233540501
0.0, 9.95554833286, 113.418624195
0.0, 11.2597911254, 118.014157411
new curve   
2.73558382916, 8.20636939179e-17, 62.8890385534
2.73558382916, 8.20636939179e-17, 69.3215008079
2.22301882731, 0.0769582378836, 76.7651648377
1.68438344317, 3.3535815615, 90.6931918847
1.59353272829, 7.42765951069, 104.54324537
2.19714777358, 9.50409651329, 111.790621104
2.88516611609, 11.270183389, 118.014157411
new curve   
7.59038925246, 8.20636939179e-17, 62.8890385534
7.59038925246, 8.20636939179e-17, 69.3215008079
6.63030104935, 0.0851275992694, 76.7651648377
5.22145296129, 3.34150955858, 90.6931918847
4.74819541338, 7.42490652268, 104.54324537
6.12384261881, 9.58419374217, 111.790621104
7.72868830469, 11.4418161928, 118.014157411
new curve   
11.9685720236, 2.47615028015, 63.3878920942
11.9685720236, 2.47615028015, 69.5554967008
11.5750836738, 2.68298550476, 76.7588563943
10.1189968419, 6.69286962543, 90.6553609316
9.33585611992, 10.957910749, 104.566603303
10.6311270658, 11.8000184359, 111.807063575
12.1892178483, 12.1573534936, 118.014157411
new curve   
14.0260816066, 7.14154846879, 64.3277988618
14.0260816066, 7.14154846879, 69.9963762481
14.025494202, 7.97643048783, 76.7469704435
14.0269173637, 10.7433387762, 90.5840823581
14.0282151884, 13.2523926015, 104.61061277
14.0272933363, 13.4504535149, 111.838043389
14.0260816066, 13.3284642543, 118.014157411
new curve   
14.0260816066, 12.1793944076, 65.3427402022
14.0260816066, 12.1793944076, 70.4724520614
14.025494202, 12.6665793345, 76.7341356142
14.0269173637, 13.628871896, 90.5071134784
14.0282151884, 14.4124034079, 104.658135598
14.0272933363, 14.4587382665, 111.871496381
14.0260816066, 14.4035375309, 118.014157411
new curve   
14.0260816066, 15.0130548339, 65.9136189399
14.026920434, 15.0130548339, 70.2561946288
14.026126646, 15.0130548339, 78.9370362714
14.025747071, 15.0130548339, 91.967485395
14.0291799056, 15.0130548339, 104.986472658
14.0287149212, 15.0130548339, 113.667804399
14.0260816066, 15.0130548339, 118.014157411
new curve   
