0.0, 1.18170059323e-16, 52.3048691724
2.71197653156, 1.18170059323e-16, 52.3048691724
7.5312954809, 1.18170059323e-16, 52.3048691724
11.8999184328, 2.83666443251, 50.5388786456
14.0829274386, 7.68481505969, 47.5206196009
14.0829274386, 12.837731823, 44.3126257033
14.0829274386, 15.7301060312, 42.511952563
new curve   
0.0, 1.18170059323e-16, 57.0724220401
2.71197653156, 1.18170059323e-16, 57.0724220401
7.5312954809, 1.18170059323e-16, 57.0724220401
11.8999184328, 2.83666443251, 56.4837585311
14.0829274386, 7.68481505969, 55.4776721829
14.0829274386, 12.837731823, 54.4083408837
14.0829274386, 15.7301060312, 53.8081165036
new curve   
0.0, 1.18170059323e-16, 61.8399749077
2.71197653156, 1.18170059323e-16, 61.8399749077
7.5312954809, 1.18170059323e-16, 61.8399749077
11.8999184328, 2.83666443251, 62.4286384167
14.0829274386, 7.68481505969, 63.4347247649
14.0829274386, 12.837731823, 64.5040560641
14.0829274386, 15.7301060312, 65.1042804442
new curve   
0.0, 1.18170059323e-16, 66.6075277754
2.71197653156, 1.18170059323e-16, 66.6075277754
7.5312954809, 1.18170059323e-16, 66.6075277754
11.8999184328, 2.83666443251, 68.3735183022
14.0829274386, 7.68481505969, 71.3917773469
14.0829274386, 12.837731823, 74.5997712446
14.0829274386, 15.7301060312, 76.4004443848
new curve   
