0.0, 8.20636939179e-17, 62.8890385534
2.73558382916, 8.20636939179e-17, 62.8890385534
7.59038925246, 8.20636939179e-17, 62.8890385534
11.9685720236, 2.47615028015, 63.3878920942
14.0260816066, 7.14154846879, 64.3277988618
14.0260816066, 12.1793944076, 65.3427402022
14.0260816066, 15.0130548339, 65.9136189362
new curve   
0.0, 1.33019652082, 81.5437804858
2.05760630185, 1.33019652082, 81.5437804858
6.16800516983, 1.33019652082, 81.5437804858
11.0511171475, 4.20388642938, 81.5437804858
14.0260816066, 8.97193589021, 81.5437804858
14.0260816066, 12.9976729064, 81.5437804858
14.0260816066, 15.0130548339, 81.5437804858
new curve   
0.0, 6.02717720085, 99.7789689452
1.67577908344, 6.02717720085, 99.7789689452
5.0369937157, 6.02717720085, 99.7789689452
9.73567662749, 9.38956445015, 99.7789689452
14.027649431, 12.3052169183, 99.7789689452
14.027649431, 14.1148620716, 99.7789689452
14.027649431, 15.0130548339, 99.7789689452
new curve   
0.0, 11.2597911254, 118.014157411
2.88516611609, 11.270183389, 118.014157411
7.72868830469, 11.4418161928, 118.014157411
12.1892178483, 12.1573534936, 118.014157411
14.0260816066, 13.3284642543, 118.014157411
14.0260816066, 14.4035375309, 118.014157411
14.0260816066, 15.0130548339, 118.014157411
new curve   
