0.0, 0.0, 4.06614518692
0.287955373984, -4.63067559e-17, 4.06614518692
0.778144463509, 0.523087894456, 4.06614518692
1.20176500273, 2.3479059843, 4.06614518692
1.07018671174, 4.13555528463, 4.06614518692
0.451204733416, 4.62656341205, 4.06614518692
7.44008141308e-16, 4.62656341205, 4.06614518692
new curve   
1.11965413766e-17, 0.0696249218234, 3.40380994021
0.269528332727, 0.0752339479111, 3.37492947565
0.734902210584, 0.587854824097, 3.34476387927
1.13116124606, 2.35606471272, 3.35264823897
1.00988197911, 4.08762597377, 3.34725885116
0.419269066832, 4.56791109549, 3.38991032832
7.36221691339e-16, 4.5781439089, 3.41661258246
new curve   
-3.3894278737e-17, -0.210769239173, 1.97870539696
0.349428165103, -0.250981191201, 1.84948779157
0.934727486777, 0.288562610391, 1.73966255044
1.44935283548, 2.31929558192, 1.79863267895
1.2868141314, 4.3077275584, 1.7528349867
0.551539825768, 4.81083655325, 1.94118832603
7.66062366162e-16, 4.76370609118, 2.07374291068
new curve   
5.72068516865e-17, 0.355736869311, 0.21332502143
0.169666524168, 0.482949869242, 0.135830890834
0.443388477564, 1.02447521639, 0.0316350381601
0.69355409168, 2.4066330974, 0.0
0.611710281904, 3.77116498942, 0.03163503816
0.272986010799, 4.29925097262, 0.135830890834
7.10148550504e-16, 4.4160098774, 0.21332502143
new curve   
1.48801628262e-16, 0.925312682409, 0.21332502143
1.89061282966e-16, 1.17566457387, 0.135830890834
2.71542601624e-16, 1.68856897624, 0.0316350381601
3.99904375953e-16, 2.48677783397, 0.0
5.28266150282e-16, 3.28498669171, 0.03163503816
6.10747468939e-16, 3.79789109408, 0.135830890834
6.51007123644e-16, 4.04824298554, 0.21332502143
new curve   
