7.44008141308e-16, 4.62656341205, 4.06614518692
6.20006784423e-16, 6.35764531568, 3.38845432243
4.96005427539e-16, 8.08872721932, 2.71076345795
3.72004070654e-16, 9.81980912296, 2.03307259346
2.48002713769e-16, 11.5508910266, 1.35538172897
1.24001356885e-16, 13.2819729302, 0.677690864487
0.0, 15.0130548339, 0.0
new curve   
3.27130953628, 3.27491110124, 18.756193846
3.88562903655, 3.83050555001, 18.756193846
5.61037568767, 4.95635834537, 18.756193846
8.73651149377, 7.2790972688, 18.756193846
11.452356007, 10.8257639595, 18.756193846
13.0940507196, 13.6125144924, 18.756193846
13.89884581, 15.0130548339, 18.756193846
new curve   
10.7559886644, 3.12790759425, 39.0754038544
11.3756968355, 3.79266863461, 39.0754038544
12.421694114, 5.3373553773, 39.0754038544
13.4301401024, 8.19537208657, 39.0754038544
13.897743423, 11.4898680004, 39.0754038544
14.0110477227, 13.8369173365, 39.0754038544
14.0586246935, 15.0130548339, 39.0754038544
new curve   
11.5817931589, 2.84102493156, 54.5527564452
12.1181008551, 3.43615397063, 54.4328597529
12.9973268151, 4.80884937447, 54.1563119326
13.7688929087, 7.50296980873, 53.6135453934
14.0260816066, 10.9199329229, 52.9251525435
14.0260816066, 13.5962246207, 52.3859778414
14.0260816066, 15.0130548339, 52.1005384744
new curve   
