Curve 0 0      74.369  0.000  0.000   1
Curve 0 1      74.389  0.228  0.000   1
Curve 0 2



Curve 1	0	73.380  0.000  0.000  1
Curve 1	1	73.379  0.000  0.000  1
Curve 1	2	73.359  0.850  0.350  1
Curve 1	3	73.539  1.000  2.000  1
Curve 1	4	73.561  1.114  2.786  1
Curve 1 5       73.566  1.137  2.949  1
Curve 1 6       73.578  1.199  3.370  1
Curve 1 7       73.575  1.896  4.050  1
Curve 1 8       73.398  4.260  5.630  1
Curve 1 9       73.399  5.801  6.637  1
Curve 1 10      73.440  6.144  7.816  1
Curve 1 11      73.798  6.626  9.100  1
