Stern	0	0	80.845	3.713	6.638	1
Stern	0	1	78.734	4.439	6.638	1
Stern	0	2	76.461	4.995	6.637	1
Stern	0	3	75.875	5.149	6.637	1
Stern	0	4	75.630	5.214	6.637	1
Stern	1	0	80.835	3.454	6.450	1
Stern	1	1	78.746	3.655	6.107	1
Stern	1	2	76.454	3.906	5.823	1
Stern	1	3	75.839	3.978	5.785	1
Stern	1	4	75.609	4.004	5.770	1
Stern	2	0	80.831	2.561	5.920	1
Stern	2	1	78.740	2.690	5.595	1
Stern	2	2	76.450	2.732	5.297	1
Stern	2	3	75.819	2.769	5.220	1
Stern	2	4	75.609	2.782	5.194	1
Stern	3	0	80.834	1.608	5.500	1
Stern	3	1	78.734	1.697	5.211	1
Stern	3	2	76.448	1.755	4.884	1
Stern	3	3	75.801	1.747	4.790	1
Stern	3	4	75.605	1.760	4.725	1
Stern	4	0	80.852	0.157	4.929	1
Stern	4	1	78.726	0.153	4.705	1
Stern	4	2	76.439	0.146	4.306	1
Stern	4	3	75.759	0.141	4.037	1
Stern	4	4	75.639	0.199	4.000	1
Stern	5	0	80.855	0.000	4.870	1
Stern	5	1	78.725	0.000	4.648	1
Stern	5	2	76.439	0.000	4.250	1
Stern	5	3	75.720	0.000	3.805	1
Stern	5	4	75.584	0.000	2.940	1
HullSide	0	0	75.630	5.214	6.637	1
HullSide	0	1	73.399	5.801	6.637	1
HullSide	0	2	67.949	6.750	6.637	1
HullSide	0	3	57.499	6.750	6.650	1
HullSide	0	4	48.999	6.750	6.650	1
HullSide	0	5	40.399	6.750	6.650	1
HullSide	0	6	32.185	6.750	6.650	1
HullSide	0	7	24.647	6.750	6.650	1
HullSide	0	8	17.088	6.389	6.634	1
HullSide	0	9	11.588	5.408	6.625	1
HullSide	0	10	5.700	2.871	6.636	1
HullSide	0	11	3.715	1.837	6.687	1
HullSide	0	12	1.844	0.750	6.700	1
HullSide	1	0	75.609	4.004	5.770	1
HullSide	1	1	73.398	4.260	5.630	1
HullSide	1	2	67.954	5.192	5.400	1
HullSide	1	3	56.432	6.750	5.000	1
HullSide	1	4	48.822	6.750	5.000	1
HullSide	1	5	40.355	6.750	5.000	1
HullSide	1	6	32.459	6.750	5.000	1
HullSide	1	7	25.029	6.750	5.000	1
HullSide	1	8	17.199	6.256	5.410	1
HullSide	1	9	11.599	5.053	5.740	1
HullSide	1	10	5.705	2.591	6.200	1
HullSide	1	11	3.759	1.618	6.330	1
HullSide	1	12	1.878	0.659	6.535	1
HullSide	2	0	75.609	2.782	5.194	1
HullSide	2	1	73.525	2.889	4.890	1
HullSide	2	2	68.009	4.129	4.410	1
HullSide	2	3	55.929	6.681	2.950	1
HullSide	2	4	48.098	6.750	2.550	1
HullSide	2	5	40.604	6.750	2.262	1
HullSide	2	6	32.683	6.750	2.200	1
HullSide	2	7	25.150	6.750	2.700	1
HullSide	2	8	17.339	6.147	3.520	1
HullSide	2	9	11.579	4.850	4.500	1
HullSide	2	10	5.719	2.372	5.530	1
HullSide	2	11	3.769	1.419	5.940	1
HullSide	2	12	1.917	0.559	6.353	1
HullSide	3	0	75.605	1.760	4.725	1
HullSide	3	1	73.575	1.896	4.050	1
HullSide	3	2	67.725	3.633	3.480	1
HullSide	3	3	55.969	6.244	1.780	1
HullSide	3	4	48.288	6.526	1.077	1
HullSide	3	5	40.520	6.673	0.910	1
HullSide	3	6	32.736	6.750	0.750	1
HullSide	3	7	25.093	6.681	1.120	1
HullSide	3	8	17.389	5.996	2.090	1
HullSide	3	9	11.589	4.850	3.100	1
HullSide	3	10	5.709	2.263	4.760	1
HullSide	3	11	3.789	1.261	5.460	1
HullSide	3	12	1.937	0.350	5.900	1
HullSide	4	0	75.639	0.199	4.000	1
HullSide	4	1	73.578	1.199	3.370	1
HullSide	4	2	67.714	3.435	2.630	1
HullSide	4	3	56.117	5.628	0.825	1
HullSide	4	4	48.359	6.105	0.575	1
HullSide	4	5	40.517	6.180	0.436	1
HullSide	4	6	32.771	6.244	0.410	1
HullSide	4	7	25.099	6.298	0.495	1
HullSide	4	8	17.370	5.807	1.290	1
HullSide	4	9	11.610	4.750	2.150	1
HullSide	4	10	5.694	2.184	3.930	1
HullSide	4	11	3.819	1.112	4.730	1
HullSide	4	12	1.939	0.000	5.232	1
HullSide	5	0	75.584	0.000	2.940	1
HullSide	5	1	73.566	1.137	2.949	1
HullSide	5	2	67.622	3.251	1.940	1
HullSide	5	3	56.168	5.417	0.497	1
HullSide	5	4	48.320	5.708	0.365	1
HullSide	5	5	40.533	5.856	0.249	1
HullSide	5	6	32.750	5.902	0.211	1
HullSide	5	7	25.084	5.847	0.250	1
HullSide	5	8	17.323	5.559	0.930	1
HullSide	5	9	11.610	4.566	1.630	1
HullSide	5	10	5.686	2.075	2.900	1
HullSide	5	11	3.829	1.072	3.460	1
HullSide	5	12	1.939	0.000	3.962	1
HullBottom	0	0	75.584	0.000	2.940	1
HullBottom	0	1	73.566	1.137	2.949	1
HullBottom	0	2	67.622	3.251	1.940	1
HullBottom	0	3	56.168	5.417	0.497	1
HullBottom	0	4	48.320	5.708	0.365	1
HullBottom	0	5	40.533	5.856	0.249	1
HullBottom	0	6	32.750	5.902	0.211	1
HullBottom	0	7	25.084	5.847	0.250	1
HullBottom	0	8	17.323	5.559	0.930	1
HullBottom	0	9	11.610	4.566	1.630	1
HullBottom	0	10	5.686	2.075	2.900	1
HullBottom	0	11	3.829	1.072	3.460	1
HullBottom	0	12	1.939	0.000	3.962	1
HullBottom	1	0	75.584	0.000	2.940	1
HullBottom	1	1	73.561	1.114	2.786	1
HullBottom	1	2	67.469	3.135	1.401	1
HullBottom	1	3	55.889	5.050	0.290	1
HullBottom	1	4	48.277	5.279	0.138	1
HullBottom	1	5	40.557	5.447	0.034	1
HullBottom	1	6	32.796	5.528	0.005	1
HullBottom	1	7	25.073	5.510	0.067	1
HullBottom	1	8	17.281	5.261	0.530	1
HullBottom	1	9	11.610	4.311	1.010	1
HullBottom	1	10	5.676	1.931	1.549	1
HullBottom	1	11	3.841	1.022	1.859	1
HullBottom	1	12	1.939	0.000	2.134	1
HullBottom	2	0	74.131	0.790	2.003	1
HullBottom	2	1	73.539	1.000	2.000	1
HullBottom	2	2	67.541	2.839	0.660	1
HullBottom	2	3	55.942	4.333	0.000	1
HullBottom	2	4	48.316	4.656	0.000	1
HullBottom	2	5	40.507	4.773	0.000	1
HullBottom	2	6	32.839	4.850	0.000	1
HullBottom	2	7	25.186	4.884	0.000	1
HullBottom	2	8	17.289	4.447	0.070	1
HullBottom	2	9	11.659	3.385	0.340	1
HullBottom	2	10	5.689	1.390	0.820	1
HullBottom	2	11	3.889	0.814	0.930	1
HullBottom	2	12	1.989	0.000	0.970	1
HullBottom	3	0	73.943	0.852	0.526	1
HullBottom	3	1	73.359	0.850	0.350	1
HullBottom	3	2	67.513	1.926	0.000	1
HullBottom	3	3	55.903	2.958	0.000	1
HullBottom	3	4	48.298	3.355	0.000	1
HullBottom	3	5	40.567	3.529	0.000	1
HullBottom	3	6	32.929	3.494	0.000	1
HullBottom	3	7	25.189	3.450	0.000	1
HullBottom	3	8	17.329	3.236	0.000	1
HullBottom	3	9	11.689	2.412	0.000	1
HullBottom	3	10	5.669	0.675	0.190	1
HullBottom	3	11	3.949	0.337	0.210	1
HullBottom	3	12	2.650	0.000	0.210	1
HullBottom	4	0	73.903	0.233	0.000	1
HullBottom	4	1	73.379	0.238	0.000	1
HullBottom	4	2	67.549	0.953	0.000	1
HullBottom	4	3	55.950	1.717	0.000	1
HullBottom	4	4	48.288	2.104	0.000	1
HullBottom	4	5	40.567	2.462	0.000	1
HullBottom	4	6	32.949	2.353	0.000	1
HullBottom	4	7	25.189	2.100	0.000	1
HullBottom	4	8	17.639	1.650	0.000	1
HullBottom	4	9	11.719	1.132	0.000	1
HullBottom	4	10	5.689	0.179	0.000	1
HullBottom	4	11	3.939	0.099	0.000	1
HullBottom	4	12	3.286	0.000	0.000	1
HullBottom	5	0	73.897	0.000	0.000	1
HullBottom	5	1	73.380	0.000	0.000	1
HullBottom	5	2	67.594	0.000	0.000	1
HullBottom	5	3	56.205	0.000	0.000	1
HullBottom	5	4	48.408	0.000	0.000	1
HullBottom	5	5	40.688	0.000	0.000	1
HullBottom	5	6	33.083	0.000	0.000	1
HullBottom	5	7	25.420	0.000	0.000	1
HullBottom	5	8	17.623	0.000	0.000	1
HullBottom	5	9	11.865	0.000	0.000	1
HullBottom	5	10	5.659	0.000	0.000	1
HullBottom	5	11	3.949	0.000	0.000	1
HullBottom	5	12	3.891	0.000	0.000	1
AftBulb	0	0	76.435	0.000	2.001	1
AftBulb	0	1	75.786	0.000	2.204	1
AftBulb	0	2	75.578	0.005	2.546	1
AftBulb	0	3	75.584	0.000	2.940	1
AftBulb	1	0	76.435	0.100	2.000	1
AftBulb	1	1	75.783	0.060	2.201	1
AftBulb	1	2	75.577	0.050	2.550	1
AftBulb	1	3	75.584	0.000	2.940	1
AftBulb	2	0	76.435	0.250	1.850	1
AftBulb	2	1	75.584	0.337	1.920	1
AftBulb	2	2	74.559	0.531	2.005	1
AftBulb	2	3	74.131	0.790	2.003	1
AftBulb	3	0	76.435	0.250	1.650	1
AftBulb	3	1	75.524	0.700	0.950	1
AftBulb	3	2	74.419	0.854	0.670	1
AftBulb	3	3	73.943	0.852	0.526	1
AftBulb	4	0	76.435	0.100	1.500	1
AftBulb	4	1	75.434	0.170	0.413	1
AftBulb	4	2	74.389	0.228	0.000	1
AftBulb	4	3	73.903	0.233	0.000	1
AftBulb	5	0	76.435	0.000	1.499	1
AftBulb	5	1	75.429	0.001	0.413	1
AftBulb	5	2	74.369	0.000	0.000	1
AftBulb	5	3	73.897	0.000	0.000	1
BowSide	0	0	1.844	0.750	6.700	1
BowSide	0	1	1.389	0.507	6.667	0.866
BowSide	0	2	1.379	0.000	6.680	1
BowSide	1	0	1.878	0.659	6.535	1
BowSide	1	1	1.453	0.476	6.560	0.866
BowSide	1	2	1.469	0.000	6.528	1
BowSide	2	0	1.917	0.559	6.353	1
BowSide	2	1	1.547	0.430	6.402	0.866
BowSide	2	2	1.568	0.000	6.362	1
BowSide	3	0	1.937	0.350	5.900	1
BowSide	3	1	1.819	0.296	5.944	0.866
BowSide	3	2	1.813	0.000	5.952	1
BowSide	4	0	1.939	0.000	5.232	1
BowSide	4	1	1.939	0.000	5.226	0.866
BowSide	4	2	1.888	0.000	5.232	1
BowSide	5	0	1.939	0.000	3.962	1
BowSide	5	1	1.939	0.000	3.962	1
BowSide	5	2	1.939	0.000	3.962	1
TopsidesMid	0	0	75.524	6.403	9.100	1
TopsidesMid	0	1	73.498	6.626	9.100	1
TopsidesMid	0	2	68.029	6.750	9.100	1
TopsidesMid	0	3	57.439	6.750	9.100	1
TopsidesMid	0	4	49.169	6.750	9.100	1
TopsidesMid	0	5	40.689	6.750	9.100	1
TopsidesMid	0	6	31.339	6.750	9.100	1
TopsidesMid	0	7	24.739	6.750	9.100	1
TopsidesMid	0	8	16.949	6.750	9.100	1
TopsidesMid	0	9	11.569	6.551	9.100	1
TopsidesMid	0	10	5.659	4.765	9.100	1
TopsidesMid	0	11	3.389	3.524	9.100	1
TopsidesMid	0	12	1.349	2.134	9.100	1
TopsidesMid	1	0	75.578	5.781	7.811	1
TopsidesMid	1	1	73.440	6.144	7.816	1
TopsidesMid	1	2	67.988	6.750	7.840	1
TopsidesMid	1	3	57.469	6.750	7.850	1
TopsidesMid	1	4	49.082	6.750	7.850	1
TopsidesMid	1	5	40.541	6.750	7.850	1
TopsidesMid	1	6	31.771	6.750	7.850	1
TopsidesMid	1	7	24.692	6.750	7.850	1
TopsidesMid	1	8	16.980	6.520	7.839	1
TopsidesMid	1	9	11.572	5.900	7.850	1
TopsidesMid	1	10	5.684	3.650	7.850	1
TopsidesMid	1	11	3.573	2.550	7.850	1
TopsidesMid	1	12	1.601	1.363	7.893	1
TopsidesMid	2	0	75.630	5.214	6.637	1
TopsidesMid	2	1	73.399	5.801	6.637	1
TopsidesMid	2	2	67.949	6.750	6.637	1
TopsidesMid	2	3	57.499	6.750	6.650	1
TopsidesMid	2	4	48.999	6.750	6.650	1
TopsidesMid	2	5	40.399	6.750	6.650	1
TopsidesMid	2	6	32.185	6.750	6.650	1
TopsidesMid	2	7	24.647	6.750	6.650	1
TopsidesMid	2	8	17.088	6.389	6.634	1
TopsidesMid	2	9	11.588	5.408	6.625	1
TopsidesMid	2	10	5.700	2.871	6.636	1
TopsidesMid	2	11	3.715	1.837	6.687	1
TopsidesMid	2	12	1.844	0.750	6.700	1
TopsidesBow	0	0	1.349	2.134	9.100	1
TopsidesBow	0	1	-0.041	1.241	9.100	0.866
TopsidesBow	0	2	-0.051	0.000	9.100	1
TopsidesBow	1	0	1.601	1.363	7.893	1
TopsidesBow	1	1	0.689	0.843	7.859	0.866
TopsidesBow	1	2	0.678	0.000	7.865	1
TopsidesBow	2	0	1.844	0.750	6.700	1
TopsidesBow	2	1	1.389	0.507	6.667	0.866
TopsidesBow	2	2	1.379	0.000	6.680	1
TopsidesStern	0	0	80.839	5.500	9.100	1
TopsidesStern	0	1	78.739	5.950	9.100	1
TopsidesStern	0	2	76.528	6.309	9.100	1
TopsidesStern	0	3	75.836	6.373	9.100	1
TopsidesStern	0	4	75.524	6.403	9.100	1
TopsidesStern	1	0	80.842	4.561	7.803	1
TopsidesStern	1	1	78.739	5.165	7.812	1
TopsidesStern	1	2	76.502	5.624	7.809	1
TopsidesStern	1	3	75.860	5.733	7.811	1
TopsidesStern	1	4	75.578	5.781	7.811	1
TopsidesStern	2	0	80.845	3.713	6.638	1
TopsidesStern	2	1	78.734	4.439	6.638	1
TopsidesStern	2	2	76.461	4.995	6.637	1
TopsidesStern	2	3	75.875	5.149	6.637	1
TopsidesStern	2	4	75.630	5.214	6.637	1
Transom	0	0	79.556	14.402	3.401	1
Transom	0	1	80.586	14.402	7.366	1
Transom	1	0	79.556	0.000	3.769	1
Transom	1	1	80.586	0.000	7.747	1
Deck	0	0	80.586	14.402	7.366	1
Deck	0	1	16.823	14.402	7.366	1
Deck	0	2	16.297	14.402	8.607	1
Deck	0	3	-1.319	14.402	8.648	1
Deck	1	0	80.586	0.000	7.747	1
Deck	1	1	16.823	0.000	7.734	1
Deck	1	2	16.297	0.000	8.975	1
Deck	1	3	-1.319	0.000	9.016	1
