Bow	0	0	0.824	0.000	0.000	1
Bow	0	1	0.791	0.000	0.000	1
Bow	0	2	0.727	0.000	0.000	1
Bow	0	3	0.683	0.000	0.000	1
Bow	0	4	0.660	0.000	0.000	1
Bow	0	5	0.655	0.000	0.000	1
Bow	0	6	0.650	0.000	-0.009	1
Bow	0	7	0.642	0.000	-0.023	1
Bow	0	8	0.635	0.000	-0.035	1
Bow	0	9	0.630	0.000	-0.045	1
Bow	0	10	0.623	0.000	-0.047	1
Bow	0	11	0.587	0.000	-0.054	1
Bow	0	12	0.495	0.000	-0.072	1
Bow	0	13	0.351	0.000	-0.098	1
Bow	0	14	0.211	0.000	-0.119	1
Bow	0	15	0.097	0.000	-0.124	1
Bow	0	16	0.053	0.000	-0.115	1
Bow	0	17	0.036	0.000	-0.106	1
Bow	0	18	0.027	0.000	-0.100	1
Bow	1	0	0.824	0.004	0.001	1
Bow	1	1	0.791	0.004	0.001	1
Bow	1	2	0.727	0.004	0.002	1
Bow	1	3	0.682	0.002	0.002	1
Bow	1	4	0.660	0.002	0.000	1
Bow	1	5	0.655	0.002	0.000	1
Bow	1	6	0.650	0.002	-0.009	1
Bow	1	7	0.642	0.002	-0.023	1
Bow	1	8	0.635	0.002	-0.035	1
Bow	1	9	0.630	0.002	-0.045	1
Bow	1	10	0.623	0.002	-0.047	1
Bow	1	11	0.587	0.010	-0.054	1
Bow	1	12	0.495	0.023	-0.072	1
Bow	1	13	0.351	0.045	-0.098	1
Bow	1	14	0.211	0.059	-0.119	1
Bow	1	15	0.097	0.061	-0.124	1
Bow	1	16	0.053	0.040	-0.115	1
Bow	1	17	0.028	0.034	-0.100	1
Bow	1	18	0.018	0.000	-0.093	1
Bow	2	0	0.824	0.011	0.007	1
Bow	2	1	0.791	0.011	0.007	1
Bow	2	2	0.727	0.011	0.007	1
Bow	2	3	0.680	0.010	0.007	1
Bow	2	4	0.658	0.007	0.005	1
Bow	2	5	0.653	0.006	0.004	1
Bow	2	6	0.647	0.002	-0.005	1
Bow	2	7	0.639	0.002	-0.019	1
Bow	2	8	0.631	0.002	-0.032	1
Bow	2	9	0.626	0.002	-0.041	1
Bow	2	10	0.620	0.002	-0.043	1
Bow	2	11	0.585	0.022	-0.051	1
Bow	2	12	0.491	0.053	-0.061	1
Bow	2	13	0.351	0.089	-0.077	1
Bow	2	14	0.211	0.114	-0.097	1
Bow	2	15	0.088	0.110	-0.102	1
Bow	2	16	0.029	0.078	-0.090	1
Bow	2	17	0.004	0.032	-0.073	1
Bow	2	18	0.004	0.000	-0.073	1
Bow	3	0	0.824	0.020	0.014	1
Bow	3	1	0.791	0.019	0.014	1
Bow	3	2	0.727	0.019	0.014	1
Bow	3	3	0.678	0.016	0.013	1
Bow	3	4	0.655	0.011	0.010	1
Bow	3	5	0.651	0.010	0.008	1
Bow	3	6	0.643	0.003	0.001	1
Bow	3	7	0.634	0.002	-0.012	1
Bow	3	8	0.626	0.002	-0.026	1
Bow	3	9	0.621	0.002	-0.033	1
Bow	3	10	0.614	0.002	-0.034	1
Bow	3	11	0.579	0.022	-0.038	1
Bow	3	12	0.483	0.054	-0.032	1
Bow	3	13	0.351	0.100	-0.034	1
Bow	3	14	0.211	0.134	-0.041	1
Bow	3	15	0.082	0.139	-0.044	1
Bow	3	16	0.018	0.084	-0.048	1
Bow	3	17	-0.002	0.032	-0.048	1
Bow	3	18	-0.002	0.000	-0.048	1
Bow	4	0	0.824	0.028	0.021	1
Bow	4	1	0.791	0.027	0.021	1
Bow	4	2	0.727	0.025	0.021	1
Bow	4	3	0.676	0.021	0.019	1
Bow	4	4	0.653	0.017	0.015	1
Bow	4	5	0.648	0.014	0.014	1
Bow	4	6	0.641	0.006	0.007	1
Bow	4	7	0.630	0.002	-0.005	1
Bow	4	8	0.621	0.002	-0.017	1
Bow	4	9	0.616	0.002	-0.025	1
Bow	4	10	0.608	0.002	-0.026	1
Bow	4	11	0.575	0.008	-0.029	1
Bow	4	12	0.477	0.025	-0.015	1
Bow	4	13	0.351	0.054	-0.007	1
Bow	4	14	0.211	0.102	0.002	1
Bow	4	15	0.082	0.112	0.003	1
Bow	4	16	0.021	0.062	-0.008	1
Bow	4	17	0.004	0.029	-0.021	1
Bow	4	18	0.004	0.000	-0.021	1
Bow	5	0	0.824	0.038	0.029	1
Bow	5	1	0.791	0.036	0.029	1
Bow	5	2	0.727	0.033	0.029	1
Bow	5	3	0.673	0.030	0.029	1
Bow	5	4	0.649	0.025	0.024	1
Bow	5	5	0.643	0.022	0.023	1
Bow	5	6	0.634	0.019	0.021	1
Bow	5	7	0.620	0.012	0.017	1
Bow	5	8	0.605	0.007	0.013	1
Bow	5	9	0.596	0.006	0.012	1
Bow	5	10	0.588	0.005	0.011	1
Bow	5	11	0.557	0.004	0.007	1
Bow	5	12	0.469	0.026	0.012	1
Bow	5	13	0.351	0.039	0.015	1
Bow	5	14	0.211	0.063	0.022	1
Bow	5	15	0.091	0.075	0.025	1
Bow	5	16	0.038	0.015	0.012	1
Bow	5	17	0.020	0.002	0.002	1
Bow	5	18	0.020	0.000	0.002	1
Bow	6	0	0.824	0.044	0.035	1
Bow	6	1	0.791	0.042	0.035	1
Bow	6	2	0.727	0.037	0.035	1
Bow	6	3	0.672	0.034	0.035	1
Bow	6	4	0.645	0.033	0.035	1
Bow	6	5	0.638	0.032	0.035	1
Bow	6	6	0.628	0.032	0.035	1
Bow	6	7	0.611	0.031	0.035	1
Bow	6	8	0.594	0.030	0.035	1
Bow	6	9	0.585	0.030	0.035	1
Bow	6	10	0.576	0.029	0.035	1
Bow	6	11	0.545	0.028	0.035	1
Bow	6	12	0.462	0.027	0.035	1
Bow	6	13	0.351	0.033	0.035	1
Bow	6	14	0.211	0.046	0.035	1
Bow	6	15	0.097	0.031	0.035	1
Bow	6	16	0.045	0.010	0.035	1
Bow	6	17	0.029	0.002	0.035	1
Bow	6	18	0.029	0.000	0.035	1
Bow	7	0	0.824	0.075	0.069	1
Bow	7	1	0.791	0.071	0.069	1
Bow	7	2	0.727	0.064	0.069	1
Bow	7	3	0.668	0.060	0.069	1
Bow	7	4	0.639	0.057	0.069	1
Bow	7	5	0.629	0.057	0.069	1
Bow	7	6	0.620	0.056	0.069	1
Bow	7	7	0.602	0.054	0.069	1
Bow	7	8	0.583	0.052	0.069	1
Bow	7	9	0.573	0.051	0.069	1
Bow	7	10	0.564	0.050	0.069	1
Bow	7	11	0.532	0.046	0.069	1
Bow	7	12	0.454	0.039	0.069	1
Bow	7	13	0.352	0.030	0.069	1
Bow	7	14	0.211	0.018	0.069	1
Bow	7	15	0.098	0.006	0.069	1
Bow	7	16	0.053	0.003	0.069	1
Bow	7	17	0.034	0.002	0.069	1
Bow	7	18	0.034	0.000	0.069	1
Bow	8	0	0.824	0.114	0.119	1
Bow	8	1	0.791	0.109	0.119	1
Bow	8	2	0.727	0.098	0.119	1
Bow	8	3	0.668	0.088	0.119	1
Bow	8	4	0.636	0.083	0.119	1
Bow	8	5	0.625	0.082	0.119	1
Bow	8	6	0.615	0.080	0.119	1
Bow	8	7	0.594	0.077	0.119	1
Bow	8	8	0.573	0.074	0.119	1
Bow	8	9	0.562	0.073	0.119	1
Bow	8	10	0.551	0.071	0.119	1
Bow	8	11	0.517	0.066	0.119	1
Bow	8	12	0.444	0.056	0.119	1
Bow	8	13	0.348	0.039	0.119	1
Bow	8	14	0.210	0.021	0.119	1
Bow	8	15	0.096	0.009	0.118	1
Bow	8	16	0.057	0.006	0.118	1
Bow	8	17	0.037	0.004	0.118	1
Bow	8	18	0.037	0.000	0.118	1
Bow	9	0	0.824	0.169	0.205	1
Bow	9	1	0.791	0.161	0.205	1
Bow	9	2	0.727	0.146	0.205	1
Bow	9	3	0.668	0.133	0.205	1
Bow	9	4	0.634	0.125	0.205	1
Bow	9	5	0.622	0.123	0.205	1
Bow	9	6	0.611	0.120	0.205	1
Bow	9	7	0.588	0.115	0.205	1
Bow	9	8	0.565	0.110	0.205	1
Bow	9	9	0.554	0.107	0.205	1
Bow	9	10	0.542	0.105	0.205	1
Bow	9	11	0.506	0.097	0.205	1
Bow	9	12	0.433	0.079	0.205	1
Bow	9	13	0.336	0.056	0.205	1
Bow	9	14	0.199	0.029	0.205	1
Bow	9	15	0.076	0.010	0.205	1
Bow	9	16	0.037	0.006	0.205	1
Bow	9	17	0.020	0.004	0.205	1
Bow	9	18	0.020	0.000	0.205	1
Bow	10	0	0.824	0.211	0.287	1
Bow	10	1	0.791	0.203	0.287	1
Bow	10	2	0.727	0.187	0.289	1
Bow	10	3	0.668	0.172	0.291	1
Bow	10	4	0.632	0.163	0.293	1
Bow	10	5	0.620	0.160	0.293	1
Bow	10	6	0.607	0.157	0.294	1
Bow	10	7	0.583	0.151	0.295	1
Bow	10	8	0.559	0.144	0.295	1
Bow	10	9	0.546	0.141	0.296	1
Bow	10	10	0.534	0.138	0.296	1
Bow	10	11	0.495	0.127	0.297	1
Bow	10	12	0.418	0.108	0.300	1
Bow	10	13	0.313	0.081	0.303	1
Bow	10	14	0.173	0.046	0.305	1
Bow	10	15	0.049	0.019	0.305	1
Bow	10	16	-0.007	0.011	0.305	1
Bow	10	17	-0.030	0.004	0.305	1
Bow	10	18	-0.030	0.000	0.305	1
Bow	11	0	0.824	0.246	0.370	1
Bow	11	1	0.791	0.239	0.370	1
Bow	11	2	0.727	0.224	0.373	1
Bow	11	3	0.668	0.212	0.375	1
Bow	11	4	0.630	0.203	0.378	1
Bow	11	5	0.617	0.200	0.378	1
Bow	11	6	0.604	0.197	0.379	1
Bow	11	7	0.578	0.191	0.381	1
Bow	11	8	0.552	0.184	0.383	1
Bow	11	9	0.538	0.181	0.384	1
Bow	11	10	0.525	0.177	0.385	1
Bow	11	11	0.482	0.167	0.389	1
Bow	11	12	0.396	0.147	0.398	1
Bow	11	13	0.269	0.117	0.409	1
Bow	11	14	0.121	0.079	0.420	1
Bow	11	15	-0.020	0.042	0.430	1
Bow	11	16	-0.088	0.018	0.437	1
Bow	11	17	-0.109	0.004	0.437	1
Bow	11	18	-0.109	0.000	0.437	1
Bow	12	0	0.824	0.284	0.449	1
Bow	12	1	0.791	0.278	0.449	1
Bow	12	2	0.727	0.264	0.452	1
Bow	12	3	0.668	0.251	0.456	1
Bow	12	4	0.628	0.245	0.458	1
Bow	12	5	0.614	0.243	0.459	1
Bow	12	6	0.600	0.241	0.460	1
Bow	12	7	0.572	0.237	0.462	1
Bow	12	8	0.543	0.232	0.465	1
Bow	12	9	0.527	0.229	0.467	1
Bow	12	10	0.512	0.227	0.469	1
Bow	12	11	0.464	0.218	0.474	1
Bow	12	12	0.361	0.199	0.489	1
Bow	12	13	0.210	0.173	0.514	1
Bow	12	14	0.054	0.135	0.535	1
Bow	12	15	-0.106	0.081	0.550	1
Bow	12	16	-0.202	0.040	0.558	1
Bow	12	17	-0.255	0.004	0.561	1
Bow	12	18	-0.258	0.000	0.563	1
Bow	13	0	0.824	0.333	0.562	1
Bow	13	1	0.791	0.330	0.565	1
Bow	13	2	0.727	0.323	0.571	1
Bow	13	3	0.668	0.316	0.577	1
Bow	13	4	0.625	0.311	0.581	1
Bow	13	5	0.610	0.309	0.583	1
Bow	13	6	0.595	0.307	0.584	1
Bow	13	7	0.563	0.304	0.588	1
Bow	13	8	0.530	0.299	0.591	1
Bow	13	9	0.512	0.297	0.593	1
Bow	13	10	0.494	0.295	0.594	1
Bow	13	11	0.437	0.287	0.600	1
Bow	13	12	0.316	0.267	0.612	1
Bow	13	13	0.146	0.228	0.627	1
Bow	13	14	-0.017	0.182	0.637	1
Bow	13	15	-0.179	0.127	0.645	1
Bow	13	16	-0.315	0.064	0.650	1
Bow	13	17	-0.395	0.004	0.651	1
Bow	13	18	-0.395	0.000	0.651	1
Main hull	0	0	5.719	0.000	0.225	1
Main hull	0	1	5.581	0.000	0.208	1
Main hull	0	2	5.392	0.000	0.184	1
Main hull	0	3	5.075	0.000	0.122	1
Main hull	0	4	4.809	0.000	0.048	1
Main hull	0	5	4.720	0.000	0.000	1
Main hull	0	6	4.631	0.000	0.000	1
Main hull	0	7	4.359	0.000	0.000	1
Main hull	0	8	4.002	0.000	0.000	1
Main hull	0	9	3.433	0.000	0.000	1
Main hull	0	10	2.856	0.000	0.000	1
Main hull	0	11	2.293	0.000	0.000	1
Main hull	0	12	1.710	0.000	0.000	1
Main hull	0	13	1.147	0.000	0.000	1
Main hull	1	0	5.719	0.002	0.225	1
Main hull	1	1	5.581	0.002	0.208	1
Main hull	1	2	5.392	0.002	0.184	1
Main hull	1	3	5.075	0.002	0.122	1
Main hull	1	4	4.809	0.002	0.048	1
Main hull	1	5	4.720	0.000	0.000	1
Main hull	1	6	4.631	0.008	0.000	1
Main hull	1	7	4.359	0.004	0.000	1
Main hull	1	8	4.002	0.004	0.000	1
Main hull	1	9	3.433	0.002	0.000	1
Main hull	1	10	2.856	0.002	0.000	1
Main hull	1	11	2.293	0.002	0.000	1
Main hull	1	12	1.710	0.002	0.000	1
Main hull	1	13	1.147	0.002	0.000	1
Main hull	2	0	5.718	0.019	0.226	1
Main hull	2	1	5.581	0.019	0.209	1
Main hull	2	2	5.392	0.019	0.186	1
Main hull	2	3	5.075	0.020	0.126	1
Main hull	2	4	4.809	0.021	0.049	1
Main hull	2	5	4.720	0.021	0.035	1
Main hull	2	6	4.631	0.022	0.009	1
Main hull	2	7	4.359	0.022	0.008	1
Main hull	2	8	4.002	0.023	0.004	1
Main hull	2	9	3.433	0.023	0.001	1
Main hull	2	10	2.856	0.023	0.001	1
Main hull	2	11	2.293	0.023	0.001	1
Main hull	2	12	1.710	0.020	0.004	1
Main hull	2	13	1.147	0.016	0.007	1
Main hull	3	0	5.713	0.090	0.229	1
Main hull	3	1	5.581	0.091	0.216	1
Main hull	3	2	5.392	0.092	0.198	1
Main hull	3	3	5.075	0.098	0.146	1
Main hull	3	4	4.809	0.103	0.108	1
Main hull	3	5	4.720	0.105	0.096	1
Main hull	3	6	4.631	0.107	0.083	1
Main hull	3	7	4.359	0.112	0.049	1
Main hull	3	8	4.002	0.118	0.022	1
Main hull	3	9	3.433	0.121	0.007	1
Main hull	3	10	2.856	0.121	0.006	1
Main hull	3	11	2.293	0.117	0.010	1
Main hull	3	12	1.710	0.101	0.027	1
Main hull	3	13	1.147	0.075	0.044	1
Main hull	4	0	5.704	0.154	0.234	1
Main hull	4	1	5.581	0.156	0.224	1
Main hull	4	2	5.392	0.160	0.210	1
Main hull	4	3	5.075	0.174	0.171	1
Main hull	4	4	4.809	0.185	0.142	1
Main hull	4	5	4.720	0.189	0.133	1
Main hull	4	6	4.631	0.192	0.123	1
Main hull	4	7	4.359	0.203	0.095	1
Main hull	4	8	4.002	0.215	0.058	1
Main hull	4	9	3.433	0.225	0.031	1
Main hull	4	10	2.856	0.226	0.026	1
Main hull	4	11	2.293	0.215	0.033	1
Main hull	4	12	1.710	0.175	0.063	1
Main hull	4	13	1.147	0.131	0.088	1
Main hull	5	0	5.697	0.203	0.240	1
Main hull	5	1	5.581	0.207	0.232	1
Main hull	5	2	5.392	0.217	0.221	1
Main hull	5	3	5.075	0.236	0.194	1
Main hull	5	4	4.809	0.252	0.175	1
Main hull	5	5	4.720	0.257	0.169	1
Main hull	5	6	4.631	0.262	0.162	1
Main hull	5	7	4.359	0.278	0.142	1
Main hull	5	8	4.002	0.298	0.110	1
Main hull	5	9	3.433	0.319	0.074	1
Main hull	5	10	2.856	0.321	0.070	1
Main hull	5	11	2.293	0.298	0.091	1
Main hull	5	12	1.710	0.251	0.128	1
Main hull	5	13	1.147	0.200	0.158	1
Main hull	6	0	5.693	0.235	0.271	1
Main hull	6	1	5.581	0.248	0.260	1
Main hull	6	2	5.392	0.266	0.249	1
Main hull	6	3	5.075	0.294	0.231	1
Main hull	6	4	4.809	0.310	0.220	1
Main hull	6	5	4.720	0.314	0.216	1
Main hull	6	6	4.631	0.319	0.212	1
Main hull	6	7	4.359	0.332	0.201	1
Main hull	6	8	4.002	0.348	0.185	1
Main hull	6	9	3.433	0.367	0.165	1
Main hull	6	10	2.856	0.370	0.159	1
Main hull	6	11	2.293	0.360	0.169	1
Main hull	6	12	1.710	0.319	0.196	1
Main hull	6	13	1.147	0.258	0.232	1
Main hull	7	0	5.701	0.249	0.318	1
Main hull	7	1	5.581	0.265	0.310	1
Main hull	7	2	5.392	0.289	0.299	1
Main hull	7	3	5.075	0.321	0.283	1
Main hull	7	4	4.809	0.339	0.274	1
Main hull	7	5	4.720	0.344	0.271	1
Main hull	7	6	4.631	0.349	0.269	1
Main hull	7	7	4.359	0.363	0.261	1
Main hull	7	8	4.002	0.375	0.255	1
Main hull	7	9	3.433	0.386	0.249	1
Main hull	7	10	2.856	0.387	0.248	1
Main hull	7	11	2.293	0.381	0.255	1
Main hull	7	12	1.710	0.355	0.275	1
Main hull	7	13	1.147	0.296	0.310	1
Main hull	8	0	5.707	0.259	0.359	1
Main hull	8	1	5.581	0.277	0.352	1
Main hull	8	2	5.392	0.301	0.345	1
Main hull	8	3	5.075	0.334	0.336	1
Main hull	8	4	4.809	0.351	0.331	1
Main hull	8	5	4.720	0.357	0.329	1
Main hull	8	6	4.631	0.362	0.328	1
Main hull	8	7	4.359	0.376	0.324	1
Main hull	8	8	4.002	0.384	0.322	1
Main hull	8	9	3.433	0.392	0.321	1
Main hull	8	10	2.856	0.396	0.321	1
Main hull	8	11	2.293	0.394	0.326	1
Main hull	8	12	1.710	0.376	0.347	1
Main hull	8	13	1.147	0.323	0.390	1
Main hull	9	0	5.724	0.279	0.446	1
Main hull	9	1	5.581	0.299	0.439	1
Main hull	9	2	5.392	0.325	0.429	1
Main hull	9	3	5.075	0.352	0.416	1
Main hull	9	4	4.809	0.368	0.411	1
Main hull	9	5	4.720	0.373	0.409	1
Main hull	9	6	4.631	0.378	0.408	1
Main hull	9	7	4.359	0.392	0.405	1
Main hull	9	8	4.002	0.405	0.409	1
Main hull	9	9	3.433	0.410	0.421	1
Main hull	9	10	2.856	0.415	0.441	1
Main hull	9	11	2.293	0.411	0.465	1
Main hull	9	12	1.710	0.396	0.492	1
Main hull	9	13	1.147	0.366	0.529	1
Transom	0	0	5.719	0.000	0.225	1
Transom	0	1	5.719	0.000	0.225	1
Transom	0	2	5.719	0.000	0.225	1
Transom	0	3	5.719	0.000	0.225	1
Transom	0	4	5.719	0.000	0.225	1
Transom	0	5	5.719	0.000	0.225	1
Transom	0	6	5.719	0.000	0.225	1
Transom	0	7	5.719	0.000	0.225	1
Transom	1	0	5.720	0.000	0.231	1
Transom	1	1	5.720	0.004	0.231	1
Transom	1	2	5.720	0.010	0.231	1
Transom	1	3	5.720	0.021	0.231	1
Transom	1	4	5.720	0.032	0.231	1
Transom	1	5	5.719	0.041	0.231	1
Transom	1	6	5.719	0.047	0.229	1
Transom	1	7	5.717	0.051	0.227	1
Transom	2	0	5.722	0.000	0.237	1
Transom	2	1	5.722	0.007	0.237	1
Transom	2	2	5.722	0.018	0.237	1
Transom	2	3	5.721	0.034	0.237	1
Transom	2	4	5.720	0.058	0.237	1
Transom	2	5	5.717	0.089	0.237	1
Transom	2	6	5.713	0.124	0.237	1
Transom	2	7	5.707	0.142	0.232	1
Transom	3	0	5.725	0.000	0.249	1
Transom	3	1	5.725	0.011	0.249	1
Transom	3	2	5.724	0.029	0.249	1
Transom	3	3	5.723	0.056	0.249	1
Transom	3	4	5.720	0.090	0.249	1
Transom	3	5	5.715	0.128	0.249	1
Transom	3	6	5.707	0.167	0.248	1
Transom	3	7	5.697	0.203	0.240	1
Transom	4	0	5.731	0.000	0.271	1
Transom	4	1	5.731	0.018	0.271	1
Transom	4	2	5.729	0.043	0.271	1
Transom	4	3	5.728	0.073	0.271	1
Transom	4	4	5.723	0.112	0.271	1
Transom	4	5	5.717	0.149	0.271	1
Transom	4	6	5.709	0.183	0.271	1
Transom	4	7	5.693	0.235	0.271	1
Transom	5	0	5.743	0.000	0.317	1
Transom	5	1	5.743	0.030	0.317	1
Transom	5	2	5.741	0.060	0.317	1
Transom	5	3	5.737	0.094	0.318	1
Transom	5	4	5.733	0.127	0.318	1
Transom	5	5	5.725	0.165	0.318	1
Transom	5	6	5.715	0.204	0.318	1
Transom	5	7	5.701	0.249	0.318	1
Transom	6	0	5.754	0.000	0.359	1
Transom	6	1	5.754	0.034	0.359	1
Transom	6	2	5.751	0.069	0.359	1
Transom	6	3	5.747	0.105	0.359	1
Transom	6	4	5.742	0.138	0.359	1
Transom	6	5	5.734	0.178	0.359	1
Transom	6	6	5.723	0.217	0.359	1
Transom	6	7	5.707	0.259	0.359	1
Transom	7	0	5.777	0.000	0.446	1
Transom	7	1	5.777	0.040	0.446	1
Transom	7	2	5.773	0.080	0.446	1
Transom	7	3	5.768	0.120	0.446	1
Transom	7	4	5.760	0.160	0.446	1
Transom	7	5	5.750	0.200	0.446	1
Transom	7	6	5.738	0.240	0.446	1
Transom	7	7	5.724	0.279	0.446	1
