Hull	0	0	190.000	25.000	12.000	1
Hull	0	1	164.684	25.000	12.000	1
Hull	0	2	160.000	25.000	12.000	1
Hull	0	3	109.448	25.026	12.000	1
Hull	0	4	40.000	25.000	12.000	1
Hull	0	5	40.000	25.000	12.000	1
Hull	0	6	40.000	25.000	12.000	1
Hull	0	7	30.000	20.000	24.000	1
Hull	0	8	30.000	20.000	24.000	1
Hull	0	9	30.000	20.000	24.000	1
Hull	0	10	21.083	20.000	24.000	1
Hull	0	11	7.255	20.000	24.000	1
Hull	0	12	0.446	14.539	24.000	1
Hull	0	13	0.000	5.348	24.000	1
Hull	0	14	0.000	0.000	24.000	1
Hull	1	0	190.000	25.000	11.556	1
Hull	1	1	164.684	25.000	10.337	1
Hull	1	2	160.000	25.000	10.348	1
Hull	1	3	109.448	25.000	10.348	1
Hull	1	4	40.000	25.000	10.348	1
Hull	1	5	40.000	25.000	10.348	1
Hull	1	6	40.000	25.000	10.348	1
Hull	1	7	29.905	20.000	12.458	1
Hull	1	8	29.905	20.000	12.458	1
Hull	1	9	29.905	20.000	12.458	1
Hull	1	10	22.566	20.000	15.535	1
Hull	1	11	7.250	20.000	19.556	1
Hull	1	12	0.431	14.576	20.220	1
Hull	1	13	0.000	5.328	20.346	1
Hull	1	14	0.000	0.000	20.330	1
Hull	2	0	190.000	25.000	11.057	1
Hull	2	1	164.684	25.000	6.823	1
Hull	2	2	160.000	25.000	6.823	1
Hull	2	3	109.448	25.000	6.823	1
Hull	2	4	40.000	25.000	6.823	1
Hull	2	5	40.000	25.000	6.823	1
Hull	2	6	40.000	25.000	6.823	1
Hull	2	7	29.905	20.000	12.458	1
Hull	2	8	29.905	20.000	12.458	1
Hull	2	9	29.905	20.000	12.458	1
Hull	2	10	22.566	20.000	15.535	1
Hull	2	11	7.250	20.000	19.556	1
Hull	2	12	0.431	14.576	20.220	1
Hull	2	13	0.000	5.328	20.346	1
Hull	2	14	0.000	0.000	20.330	1
Hull	3	0	190.000	25.000	9.224	1
Hull	3	1	164.684	25.000	3.745	1
Hull	3	2	160.000	25.000	3.699	1
Hull	3	3	109.448	25.000	3.699	1
Hull	3	4	40.000	25.000	3.699	1
Hull	3	5	40.000	25.000	3.699	1
Hull	3	6	40.000	25.000	3.699	1
Hull	3	7	30.000	20.000	6.374	1
Hull	3	8	30.000	20.000	6.374	1
Hull	3	9	30.000	20.000	6.374	1
Hull	3	10	23.099	19.384	9.211	1
Hull	3	11	10.866	16.100	15.154	1
Hull	3	12	5.648	10.683	16.338	1
Hull	3	13	2.282	4.610	16.701	1
Hull	3	14	2.266	0.000	16.690	1
Hull	4	0	190.000	25.000	8.897	1
Hull	4	1	164.684	25.000	1.150	1
Hull	4	2	160.000	25.000	1.138	1
Hull	4	3	109.448	25.000	1.138	1
Hull	4	4	40.000	25.000	1.138	1
Hull	4	5	40.000	25.000	1.138	1
Hull	4	6	40.000	25.000	1.138	1
Hull	4	7	30.000	19.438	1.138	1
Hull	4	8	30.000	19.438	1.138	1
Hull	4	9	30.000	19.438	1.138	1
Hull	4	10	24.385	17.141	1.141	1
Hull	4	11	15.118	9.146	1.308	1
Hull	4	12	12.732	4.832	1.367	1
Hull	4	13	11.623	1.317	1.887	1
Hull	4	14	11.625	0.000	1.888	1
Hull	5	0	190.000	18.500	8.000	1
Hull	5	1	164.684	18.500	0.012	1
Hull	5	2	160.000	18.500	0.000	1
Hull	5	3	109.448	18.500	0.000	1
Hull	5	4	40.000	18.500	0.000	1
Hull	5	5	40.000	18.500	0.000	1
Hull	5	6	40.000	18.500	0.000	1
Hull	5	7	30.000	16.233	0.000	1
Hull	5	8	30.000	16.233	0.000	1
Hull	5	9	30.000	16.233	0.000	1
Hull	5	10	25.400	14.064	0.139	1
Hull	5	11	16.487	6.799	0.329	1
Hull	5	12	14.454	3.478	0.537	1
Hull	5	13	13.407	0.758	0.744	1
Hull	5	14	13.405	0.000	0.743	1
Hull	6	0	190.000	13.488	8.000	1
Hull	6	1	164.684	13.488	0.012	1
Hull	6	2	160.000	13.488	0.000	1
Hull	6	3	109.448	13.488	0.000	1
Hull	6	4	40.000	13.560	0.000	1
Hull	6	5	40.000	13.560	0.000	1
Hull	6	6	40.000	13.560	0.000	1
Hull	6	7	30.000	12.823	0.000	1
Hull	6	8	30.000	12.823	0.000	1
Hull	6	9	30.000	12.823	0.000	1
Hull	6	10	25.796	11.269	0.000	1
Hull	6	11	17.906	4.647	0.000	1
Hull	6	12	15.907	2.333	0.000	1
Hull	6	13	14.967	0.272	0.000	1
Hull	6	14	14.969	0.000	0.000	1
Hull	7	0	190.000	0.000	8.000	1
Hull	7	1	164.684	0.000	0.012	1
Hull	7	2	160.000	0.000	0.000	1
Hull	7	3	109.448	0.000	0.000	1
Hull	7	4	40.000	0.000	0.000	1
Hull	7	5	40.000	0.000	0.000	1
Hull	7	6	40.000	0.000	0.000	1
Hull	7	7	30.000	0.000	0.000	1
Hull	7	8	30.000	0.000	0.000	1
Hull	7	9	30.000	0.000	0.000	1
Hull	7	10	25.800	0.000	0.000	1
Hull	7	11	21.199	0.000	0.000	1
Hull	7	12	18.513	0.000	0.000	1
Hull	7	13	15.874	0.000	0.000	1
Hull	7	14	15.574	0.000	0.000	1
Deck	0	0	190.000	25.000	12.000	1
Deck	0	1	164.684	25.000	12.000	1
Deck	0	2	160.000	25.000	12.000	1
Deck	0	3	109.448	25.026	12.000	1
Deck	0	4	40.000	25.000	12.000	1
Deck	0	5	40.000	25.000	12.000	1
Deck	0	6	40.000	25.000	12.000	1
Deck	0	7	30.000	20.000	24.000	1
Deck	0	8	30.000	20.000	24.000	1
Deck	0	9	30.000	20.000	24.000	1
Deck	0	10	21.083	20.000	24.000	1
Deck	0	11	7.255	20.000	24.000	1
Deck	0	12	0.446	14.539	24.000	1
Deck	0	13	0.000	5.348	24.000	1
Deck	0	14	0.000	0.000	24.000	1
Deck	1	0	190.000	0.000	12.000	1
Deck	1	1	164.684	0.000	12.000	1
Deck	1	2	160.000	0.000	12.000	1
Deck	1	3	109.448	0.000	12.000	1
Deck	1	4	40.000	0.000	12.000	1
Deck	1	5	40.000	0.000	12.000	1
Deck	1	6	40.000	0.000	12.000	1
Deck	1	7	30.000	0.000	24.000	1
Deck	1	8	30.000	0.000	24.000	1
Deck	1	9	30.000	0.000	24.000	1
Deck	1	10	27.746	0.000	24.000	1
Deck	1	11	20.767	0.000	24.000	1
Deck	1	12	18.081	0.000	24.000	1
Deck	1	13	15.442	0.000	24.000	1
Deck	1	14	15.142	0.000	24.000	1
Casings	0	0	188.000	17.000	12.000	1
Casings	0	1	188.000	11.300	12.000	1
Casings	0	2	180.000	11.300	12.000	1
Casings	0	3	180.000	17.000	12.000	1
Casings	1	0	188.000	17.000	29.000	1
Casings	1	1	188.000	11.300	29.000	1
Casings	1	2	180.000	11.300	29.000	1
Casings	1	3	180.000	17.000	29.000	1
Casings	2	0	188.000	17.000	29.000	1
Casings	2	1	188.000	19.300	29.000	1
Casings	2	2	180.000	19.300	29.000	1
Casings	2	3	180.000	17.000	29.000	1
Casings	3	0	188.000	17.000	12.000	1
Casings	3	1	188.000	19.300	12.000	1
Casings	3	2	180.000	19.300	12.000	1
Casings	3	3	180.000	17.000	12.000	1
Aft Side Level 1	0	0	22.000	0.000	24.000	1
Aft Side Level 1	0	1	22.000	16.500	24.000	1
Aft Side Level 1	1	0	22.000	0.000	26.000	1
Aft Side Level 1	1	1	22.000	16.500	26.000	1
Fwd Side Level 1	0	0	12.000	0.000	24.000	1
Fwd Side Level 1	0	1	12.000	16.500	24.000	1
Fwd Side Level 1	1	0	12.000	0.000	26.000	1
Fwd Side Level 1	1	1	12.000	16.500	26.000	1
Stbd Side Level 1	0	0	22.000	16.500	24.000	1
Stbd Side Level 1	0	1	12.000	16.500	24.000	1
Stbd Side Level 1	1	0	22.000	16.500	26.000	1
Stbd Side Level 1	1	1	12.000	16.500	26.000	1
Aft Side wing 1	0	0	17.000	0.000	26.000	1
Aft Side wing 1	0	1	17.000	18.500	26.000	1
Aft Side wing 1	1	0	17.000	0.000	30.500	1
Aft Side wing 1	1	1	17.000	18.500	30.500	1
Fwd Side casing Level 2	0	0	12.000	0.000	26.000	1
Fwd Side casing Level 2	0	1	12.000	18.500	26.000	1
Fwd Side casing Level 2	1	0	12.000	0.000	30.500	1
Fwd Side casing Level 2	1	1	12.000	18.500	30.500	1
Stbd Side wing 1	0	0	17.000	18.500	26.000	1
Stbd Side wing 1	0	1	14.000	18.500	26.000	1
Stbd Side wing 1	1	0	17.000	18.500	30.500	1
Stbd Side wing 1	1	1	14.000	18.500	30.500	1
Bottom wings	0	0	17.000	16.500	26.000	1
Bottom wings	0	1	12.000	16.500	26.000	1
Bottom wings	1	0	17.000	18.500	26.000	1
Bottom wings	1	1	12.000	18.500	26.000	1
Fwd Side casing Level 2	0	0	22.000	0.000	26.000	1
Fwd Side casing Level 2	0	1	22.000	16.500	26.000	1
Fwd Side casing Level 2	1	0	22.000	0.000	30.500	1
Fwd Side casing Level 2	1	1	22.000	16.500	30.500	1
Stbd side casing Level 2	0	0	22.000	16.500	26.000	1
Stbd side casing Level 2	0	1	17.000	16.500	26.000	1
Stbd side casing Level 2	1	0	22.000	16.500	30.500	1
Stbd side casing Level 2	1	1	17.000	16.500	30.500	1
Top side Fwd Level 2	0	0	12.000	0.000	29.500	1
Top side Fwd Level 2	0	1	12.000	18.500	29.500	1
Top side Fwd Level 2	1	0	17.000	0.000	29.500	1
Top side Fwd Level 2	1	1	17.000	18.500	29.500	1
Top side Stbd Level 2	0	0	22.000	10.000	29.500	1
Top side Stbd Level 2	0	1	22.000	16.500	29.500	1
Top side Stbd Level 2	1	0	17.000	10.000	29.500	1
Top side Stbd Level 2	1	1	17.000	16.500	29.500	1
Aft side wing 2 Level 2	0	0	14.000	18.500	28.500	1
Aft side wing 2 Level 2	0	1	14.000	20.000	28.500	0.707107
Aft side wing 2 Level 2	1	0	14.000	18.500	30.500	1
Aft side wing 2 Level 2	1	1	14.000	20.000	30.500	0.707107
Fwd side wing 2 Level 2	0	0	12.000	18.500	28.500	1
Fwd side wing 2 Level 2	0	1	12.000	20.000	28.500	0.707107
Fwd side wing 2 Level 2	1	0	12.000	18.500	30.500	1
Fwd side wing 2 Level 2	1	1	12.000	20.000	30.500	0.707107
Stbd side wing 2 Level 2	0	0	14.000	20.000	28.500	0.707107
Stbd side wing 2 Level 2	0	1	12.000	20.000	28.500	0.707107
Stbd side wing 2 Level 2	1	0	14.000	20.000	30.500	0.707107
Stbd side wing 2 Level 2	1	1	12.000	20.000	30.500	0.707107
Bottom side wing 2 Level 	0	0	12.000	18.500	28.500	1
Bottom side wing 2 Level 	0	1	12.000	20.000	28.500	0.707107
Bottom side wing 2 Level 	1	0	14.000	18.500	28.500	1
Bottom side wing 2 Level 	1	1	14.000	20.000	28.500	0.707107
Stbd side wing 2 Level 2	0	0	12.000	18.500	28.500	1
Stbd side wing 2 Level 2	0	1	12.000	18.500	26.000	0.707107
Stbd side wing 2 Level 2	1	0	14.000	18.500	28.500	1
Stbd side wing 2 Level 2	1	1	14.000	18.500	26.000	0.707107
Fwd Side Level 1	0	0	29.000	4.000	24.000	1
Fwd Side Level 1	0	1	29.000	10.000	24.000	1
Fwd Side Level 1	1	0	29.000	4.000	30.500	1
Fwd Side Level 1	1	1	29.000	10.000	30.500	1
Stbd Side Level 1 (Aft Pa	0	0	29.000	10.000	24.000	1
Stbd Side Level 1 (Aft Pa	0	1	22.000	10.000	24.000	1
Stbd Side Level 1 (Aft Pa	1	0	29.000	10.000	30.500	1
Stbd Side Level 1 (Aft Pa	1	1	22.000	10.000	30.500	1
Top side Level 2 (Central	0	0	29.000	0.000	29.500	1
Top side Level 2 (Central	0	1	17.000	0.000	29.500	1
Top side Level 2 (Central	1	0	29.000	10.000	29.500	1
Top side Level 2 (Central	1	1	17.000	10.000	29.500	1
Aft wheelhouse	0	0	16.000	0.000	29.500	1
Aft wheelhouse	0	1	16.000	10.000	29.500	1
Aft wheelhouse	1	0	16.000	0.000	32.500	1
Aft wheelhouse	1	1	16.000	10.000	32.500	1
Fwd wheelhouse	0	0	12.000	0.000	30.500	1
Fwd wheelhouse	0	1	12.000	5.000	30.500	1
Fwd wheelhouse	0	2	12.000	10.000	30.500	1
Fwd wheelhouse	1	0	11.250	0.000	32.000	1
Fwd wheelhouse	1	1	11.250	5.027	32.000	1
Fwd wheelhouse	1	2	12.000	10.000	32.000	1
Fwd wheelhouse	2	0	11.350	0.000	32.500	1
Fwd wheelhouse	2	1	11.250	5.000	32.500	1
Fwd wheelhouse	2	2	12.150	10.000	32.500	1
Stbd Up side wheelhouse	0	0	16.000	10.000	30.500	1
Stbd Up side wheelhouse	0	1	12.000	10.000	30.500	1
Stbd Up side wheelhouse	1	0	16.000	10.000	32.003	1
Stbd Up side wheelhouse	1	1	12.000	10.000	32.000	1
Stbd Up side wheelhouse	2	0	16.000	10.000	32.500	1
Stbd Up side wheelhouse	2	1	12.150	10.000	32.500	1
Stbd Bottom side wheelhou	0	0	16.000	10.000	29.500	0.707107
Stbd Bottom side wheelhou	0	1	12.000	10.000	29.500	0.707107
Stbd Bottom side wheelhou	1	0	16.000	10.000	30.500	0.707107
Stbd Bottom side wheelhou	1	1	12.000	10.000	30.500	0.707107
Top wheelhouse	0	0	16.000	0.000	32.500	1
Top wheelhouse	0	1	11.350	0.000	32.500	1
Top wheelhouse	1	0	16.000	5.000	32.500	1
Top wheelhouse	1	1	11.250	5.000	32.500	1
Top wheelhouse	2	0	16.000	10.000	32.500	1
Top wheelhouse	2	1	12.150	10.000	32.500	1
Aft Side Level 1 (Central	0	0	29.000	0.000	24.000	1
Aft Side Level 1 (Central	0	1	29.000	4.000	24.000	1
Aft Side Level 1 (Central	1	0	29.000	0.000	32.500	1
Aft Side Level 1 (Central	1	1	29.000	4.000	32.500	1
Stbd casing Level 3	0	0	29.000	4.000	29.500	1
Stbd casing Level 3	0	1	16.000	4.000	29.500	1
Stbd casing Level 3	1	0	29.000	4.000	32.500	1
Stbd casing Level 3	1	1	16.000	4.000	32.500	1
Top casing Level 3	0	0	29.000	0.000	32.500	1
Top casing Level 3	0	1	16.000	0.000	32.500	1
Top casing Level 3	1	0	29.000	4.000	32.500	1
Top casing Level 3	1	1	16.000	4.000	32.500	1
Funnels Aft Level 1	0	0	28.500	10.000	24.000	1
Funnels Aft Level 1	0	1	28.500	15.624	24.000	1
Funnels Aft Level 1	1	0	28.500	10.000	33.000	1
Funnels Aft Level 1	1	1	28.500	15.624	33.000	1
Funnels Fwd Level 1	0	0	22.000	10.000	24.000	1
Funnels Fwd Level 1	0	1	22.000	15.624	24.000	1
Funnels Fwd Level 1	1	0	22.000	10.000	33.000	1
Funnels Fwd Level 1	1	1	22.000	15.624	33.000	1
Funnels Top Level 1	0	0	28.500	15.624	33.000	1
Funnels Top Level 1	0	1	22.000	15.624	33.000	1
Funnels Top Level 1	1	0	28.500	10.000	33.000	1
Funnels Top Level 1	1	1	22.000	10.000	33.000	1
Funnels Out Level 1	0	0	28.500	15.624	24.000	1
Funnels Out Level 1	0	1	22.000	15.624	24.000	1
Funnels Out Level 1	1	0	28.500	15.624	33.000	1
Funnels Out Level 1	1	1	22.000	15.624	33.000	1
Funnels Aft Level 2	0	0	28.500	10.000	33.000	1
Funnels Aft Level 2	0	1	28.500	13.000	33.000	1
Funnels Aft Level 2	1	0	28.500	10.000	36.000	1
Funnels Aft Level 2	1	1	28.500	13.000	36.000	1
Funnels Fwd Level 2	0	0	22.000	10.000	33.000	1
Funnels Fwd Level 2	0	1	22.000	13.000	33.000	1
Funnels Fwd Level 2	1	0	22.000	10.000	36.000	1
Funnels Fwd Level 2	1	1	22.000	13.000	36.000	1
Funnels Top Level 2	0	0	28.500	13.000	36.000	1
Funnels Top Level 2	0	1	22.000	13.000	36.000	1
Funnels Top Level 2	1	0	28.500	10.000	36.000	1
Funnels Top Level 2	1	1	22.000	10.000	36.000	1
Funnels Out Level 2	0	0	28.500	13.000	33.000	1
Funnels Out Level 2	0	1	22.000	13.000	33.000	1
Funnels Out Level 2	1	0	28.500	13.000	36.000	1
Funnels Out Level 2	1	1	22.000	13.000	36.000	1
Funnels In Level 2	0	0	28.500	10.000	30.500	1
Funnels In Level 2	0	1	22.000	10.000	30.500	1
Funnels In Level 2	1	0	28.500	10.000	36.000	1
Funnels In Level 2	1	1	22.000	10.000	36.000	1
Exhaust Out	0	0	25.359	12.116	42.000	1
Exhaust Out	0	1	25.359	12.116	36.000	1
Exhaust Out	1	0	26.347	12.116	42.000	0.707107
Exhaust Out	1	1	26.347	12.116	36.000	0.707107
Exhaust Out	2	0	26.347	11.128	42.000	1
Exhaust Out	2	1	26.347	11.128	36.000	1
Exhaust Out	3	0	26.347	10.140	42.000	0.707107
Exhaust Out	3	1	26.347	10.140	36.000	0.707107
Exhaust Out	4	0	25.359	10.140	42.000	1
Exhaust Out	4	1	25.359	10.140	36.000	1
Exhaust Out	5	0	24.371	10.140	42.000	0.707107
Exhaust Out	5	1	24.371	10.140	36.000	0.707107
Exhaust Out	6	0	24.371	11.128	42.000	1
Exhaust Out	6	1	24.371	11.128	36.000	1
Exhaust Out	7	0	24.371	12.116	42.000	0.707107
Exhaust Out	7	1	24.371	12.116	36.000	0.707107
Exhaust Out	8	0	25.359	12.116	42.000	1
Exhaust Out	8	1	25.359	12.116	36.000	1
transom	0	0	190.000	25.000	12.000	1
transom	0	1	190.000	0.000	12.000	1
transom	1	0	190.000	25.000	11.556	1
transom	1	1	190.000	0.000	11.556	1
transom	2	0	190.000	25.000	11.057	1
transom	2	1	190.000	0.000	11.057	1
transom	3	0	190.000	25.000	9.224	1
transom	3	1	190.000	0.000	9.224	1
transom	4	0	190.000	25.000	8.897	1
transom	4	1	190.000	0.000	8.897	1
transom	5	0	190.000	18.500	8.000	1
transom	5	1	190.000	0.000	8.000	1
transom	6	0	190.000	13.488	8.000	1
transom	6	1	190.000	0.000	8.000	1
transom	7	0	190.000	0.000	8.000	1
transom	7	1	190.000	0.000	8.000	1
