
 new surface 

 point count 
11 5
 new vertices   
0.0 1.18170059323e-16 52.3048691724
0.0 1.18170059323e-16 54.6886456062
0.0 1.18170059323e-16 59.4561984739
0.0 1.18170059323e-16 64.2237513416
0.0 1.18170059323e-16 66.6075277754
1.35598826578 1.18170059323e-16 52.3048691724
1.35598826578 1.18170059323e-16 54.6886456062
1.35598826578 1.18170059323e-16 59.4561984739
1.35598826578 1.18170059323e-16 64.2237513416
1.35598826578 1.18170059323e-16 66.6075277754
3.9168062689 1.18170059323e-16 52.3048691724
3.9168062689 1.18170059323e-16 54.6886456062
3.9168062689 1.18170059323e-16 59.4561984739
3.9168062689 1.18170059323e-16 64.2237513416
3.9168062689 1.18170059323e-16 66.6075277754
7.17375104689 0.354583054064 52.0841203565
7.17375104689 0.354583054064 54.541479729
7.17375104689 0.354583054064 59.4561984739
7.17375104689 0.354583054064 64.3709172188
7.17375104689 0.354583054064 66.8282765913
9.71560695685 1.41833221626 51.421873909
9.71560695685 1.41833221626 54.0999820973
9.71560695685 1.41833221626 59.4561984739
9.71560695685 1.41833221626 64.8124148505
9.71560695685 1.41833221626 67.4905230388
11.6267166895 3.08810020684 50.3823450808
11.6267166895 3.08810020684 53.4069628785
11.6267166895 3.08810020684 59.4561984739
11.6267166895 3.08810020684 65.5054340693
11.6267166895 3.08810020684 68.530051867
12.9914229357 5.2607397461 49.0297491233
12.9914229357 5.2607397461 52.5052322401
12.9914229357 5.2607397461 59.4561984739
12.9914229357 5.2607397461 66.4071647077
12.9914229357 5.2607397461 69.8826478245
13.8100513129 8.0449681244 47.2964031257
13.8100513129 8.0449681244 51.3496682418
13.8100513129 8.0449681244 59.4561984739
13.8100513129 8.0449681244 67.562728706
13.8100513129 8.0449681244 71.6159938221
14.0829274386 11.5495026321 45.1146241777
14.0829274386 11.5495026321 49.8951489431
14.0829274386 11.5495026321 59.4561984739
14.0829274386 11.5495026321 69.0172480047
14.0829274386 11.5495026321 73.7977727701
14.0829274386 14.2839189271 43.4122891331
14.0829274386 14.2839189271 48.7602589134
14.0829274386 14.2839189271 59.4561984739
14.0829274386 14.2839189271 70.1521380344
14.0829274386 14.2839189271 75.5001078147
14.0829274386 15.7301060312 42.511952563
14.0829274386 15.7301060312 48.1600345333
14.0829274386 15.7301060312 59.4561984739
14.0829274386 15.7301060312 70.7523624145
14.0829274386 15.7301060312 76.4004443848

 new uknot vector 
 0.0 0.0 0.0 0.125 0.25 0.375 0.5 0.625 0.75 0.875 1.0 1.0 1.0
 new vknot vector 
 0.0 0.0 0.0 0.5 1.0 1.0 1.0
 degree u 
3
 degree v 
3
 END of Surface 
