0.0, 0.0, 4.06614518692
0.287955373984, -4.63067559e-17, 4.06614518692
0.778144463509, 0.523087894456, 4.06614518692
1.20176500273, 2.3479059843, 4.06614518692
1.07018671174, 4.13555528463, 4.06614518692
0.451204733416, 4.62656341205, 4.06614518692
7.44008141308e-16, 4.62656341205, 4.06614518692
new curve   
0.0, 0.0, 3.55919516515
0.287955373984, -4.63067559e-17, 3.55919516515
0.778144463509, 0.523087894456, 3.55919516515
1.20176500273, 2.3479059843, 3.55919516515
1.07018671174, 4.13555528463, 3.55919516515
0.451204733416, 4.62656341205, 3.55919516515
7.44008141308e-16, 4.62656341205, 3.55919516515
new curve   
0.0, 0.0, 3.05224514337
0.287955373984, -4.63067559e-17, 3.05224514337
0.778144463509, 0.523087894456, 3.05224514337
1.20176500273, 2.3479059843, 3.05224514337
1.07018671174, 4.13555528463, 3.05224514337
0.451204733416, 4.62656341205, 3.05224514337
7.44008141308e-16, 4.62656341205, 3.05224514337
new curve   
0.0, 0.0, 2.03834509982
0.287955373984, -4.63067559e-17, 2.03834509982
0.778144463509, 0.523087894456, 2.03834509982
1.20176500273, 2.3479059843, 2.03834509982
1.07018671174, 4.13555528463, 2.03834509982
0.451204733416, 4.62656341205, 2.03834509982
7.44008141308e-16, 4.62656341205, 2.03834509982
new curve   
1.48801628262e-16, 0.925312682409, 0.21332502143
1.89061282966e-16, 1.17566457387, 0.135830890834
2.71542601624e-16, 1.68856897624, 0.0316350381601
3.99904375953e-16, 2.48677783397, 0.0
5.28266150282e-16, 3.28498669171, 0.03163503816
6.10747468939e-16, 3.79789109408, 0.135830890834
6.51007123644e-16, 4.04824298554, 0.21332502143
new curve   
