0.0, 2.44059080091, 0.832419669384
0.0, 2.99138019108, 0.383022364216
0.0, 4.25461482488, 0.994943223822
0.0, 6.91727444615, 4.47821940967
0.0, 10.6637854344, 5.58515291609
0.0, 13.9119128996, 2.53732623912
0.0, 15.7301060312, 0.0
new curve   
0.0, 0.0, 15.3043029171
0.934463512213, 0.0, 15.3043029171
2.69427802127, 0.0, 15.3043029171
3.0719049596, 5.04775835903, 15.3043029171
6.4381807533, 9.55962128401, 15.3043029171
9.461717355, 13.7090078246, 15.3043029171
11.0044413775, 15.7301060312, 15.3043029171
new curve   
0.0, 0.0359482534056, 31.8839644192
1.57199007506, 0.0, 31.8839644192
4.71318150426, 0.0, 31.8839644192
8.78189400786, 3.36234276967, 31.8839644192
11.8089623636, 8.76687127184, 31.8839644192
13.2386712156, 13.4020040644, 31.8839644192
13.940534708, 15.7301060312, 31.8839644192
new curve   
0.0, 1.18170059323e-16, 52.3048691724
2.71197653156, 1.18170059323e-16, 52.3048691724
7.5312954809, 1.18170059323e-16, 52.3048691724
11.8999184328, 2.83666443251, 50.5388786456
14.0829274386, 7.68481505969, 47.5206196009
14.0829274386, 12.837731823, 44.3126257033
14.0829274386, 15.7301060312, 42.511952563
new curve   
0.0, 1.18170059323e-16, 66.6075277754
2.71197653156, 1.18170059323e-16, 66.6075277754
7.5312954809, 1.18170059323e-16, 66.6075277754
11.8999184328, 2.83666443251, 68.3735183022
14.0829274386, 7.68481505969, 71.3917773469
14.0829274386, 12.837731823, 74.5997712446
14.0829274386, 15.7301060312, 76.4004443848
new curve   
0.0, 2.04405785853, 89.1540301503
1.94600265788, 2.04405785853, 89.1540301503
5.83852478074, 2.04405785853, 89.1540301503
10.66603295, 5.35825640125, 89.1540301503
14.0829274386, 10.0507188805, 89.1540301503
14.0829274386, 13.8371195155, 89.1540301503
14.0829274386, 15.7301060312, 89.1540301503
new curve   
0.0, 6.75043542631, 104.033213542
1.76250145587, 6.75043542631, 104.033213542
5.2947689771, 6.75043542631, 104.033213542
10.0377534858, 9.76028049433, 104.033213542
14.0827441624, 12.7177925913, 104.033213542
14.0827441624, 14.729210728, 104.033213542
14.0827441624, 15.7301060312, 104.033213542
new curve   
0.0, 11.7975795234, 118.912396948
2.89700316656, 11.8084818843, 118.912396948
7.76031890738, 11.9883329589, 118.912396948
12.2388320235, 12.738056217, 118.912396948
14.0829274386, 13.9650909311, 118.912396948
14.0829274386, 15.0914908678, 118.912396948
14.0829274386, 15.7301060312, 118.912396948
new curve   
